,City,Lat,Lng,Max Temp,Humidity,Cloudiness,Wind Speed,Country,Date
0,Guerrero Negro,27.9769,-114.0611,71.1,85,9,12.44,MX,1630313036
1,Shimoda,34.6667,138.95,86.36,82,0,13.13,JP,1630313635
2,Castro,-24.7911,-50.0119,49.3,97,82,5.37,BR,1630313635
3,Rikitea,-23.1203,-134.9692,73.83,68,39,17.83,PF,1630313038
4,Fukuechō,32.6881,128.8419,82.76,89,75,9.22,JP,1630313038
5,Hermanus,-34.4187,19.2345,64.8,68,79,18.52,ZA,1630313637
6,Busselton,-33.65,115.3333,58.05,83,100,18.03,AU,1630313638
7,Ryōtsu-minato,38.0833,138.4333,78.76,70,76,4.25,JP,1630313638
8,Tasiilaq,65.6145,-37.6368,31.33,62,1,4.85,GL,1630313639
9,Pathein,16.7833,94.7333,86.85,69,66,8.19,MM,1630313640
10,Ushuaia,-54.8,-68.3,33.46,80,0,4.61,AR,1630313640
11,Oga,46.4631,10.347,54.7,66,76,4.88,IT,1630313640
12,Châlons-en-Champagne,48.9539,4.3672,66.33,90,100,11.77,FR,1630313641
13,Bredasdorp,-34.5322,20.0403,64.27,48,74,18.41,ZA,1630313642
14,Holland,42.7875,-86.1089,71.02,70,1,0,US,1630313421
15,Atuona,-9.8,-139.0333,77.02,80,8,18.88,PF,1630313643
16,Dikson,73.5069,80.5464,41.34,95,100,8.61,RU,1630313643
17,Progreso,21.2833,-89.6667,76.1,94,93,6.82,MX,1630313644
18,Butaritari,3.0707,172.7902,84.11,71,34,18.14,KI,1630313645
19,Zambezi,-13.5432,23.1047,88.29,17,1,11.1,ZM,1630313646
20,East London,-33.0153,27.9116,76.14,10,0,5.75,ZA,1630313647
21,Katsuura,35.1333,140.3,86.11,86,1,14.52,JP,1630313647
22,Upernavik,72.7868,-56.1549,36.7,79,98,5.28,GL,1630313648
23,Bluff,-46.6,168.3333,38.8,80,0,13.42,NZ,1630313648
24,Margate,51.3813,1.3862,61.18,90,83,4,GB,1630313649
25,Pohrebyshche,49.4864,29.2636,65.23,81,100,3.38,UA,1630313649
26,Cabo San Lucas,22.8909,-109.9124,82.06,80,100,10,MX,1630313466
27,Belyy Yar,53.6039,91.3903,82.29,39,0,6.71,RU,1630313650
28,Albany,42.6001,-73.9662,71.74,92,63,3.89,US,1630313464
29,Leh,34.1667,77.5833,64.31,23,77,6.6,IN,1630313460
30,Dongsheng,39.8161,109.9776,70.52,50,100,7.11,CN,1630313651
31,Rodrigues Alves,-7.738,-72.6509,69.42,98,96,1.41,BR,1630313652
32,Belmonte,-15.8631,-38.8828,68.5,90,82,7.9,BR,1630313533
33,Paamiut,61.994,-49.6678,44.26,78,13,8.08,GL,1630313653
34,Punta Arenas,-53.15,-70.9167,28.51,100,0,6.91,CL,1630313441
35,Kristiansund,63.1115,7.732,57.25,76,75,0,NO,1630313654
36,Netanya,32.3329,34.8599,89.04,58,0,9.48,IL,1630313654
37,Hobart,-42.8794,147.3294,56.05,69,90,13.8,AU,1630313612
38,Faya,18.3851,42.4509,87.91,15,58,11.81,SA,1630313655
39,Ternovskaya,45.8542,40.4086,91.54,32,0,23.33,RU,1630313656
40,Constitución,-35.3333,-72.4167,52.47,94,81,2.35,CL,1630313656
41,College,64.8569,-147.8028,50.67,85,90,3.44,US,1630313657
42,Norman Wells,65.282,-126.8329,50.04,93,75,3.44,CA,1630313657
43,Ribeira Grande,38.5167,-28.7,72,94,75,0,PT,1630313658
44,Severo-Kuril'sk,50.6789,156.125,53.31,94,79,6.96,RU,1630313658
45,Majene,-3.5403,118.9707,82.89,79,69,6.67,ID,1630313659
46,Palakkad,10.7833,76.65,93.25,69,98,15.05,IN,1630313659
47,Qaanaaq,77.484,-69.3632,29.79,78,91,6.58,GL,1630313660
48,Makakilo City,21.3469,-158.0858,77.32,81,1,5.75,US,1630313660
49,Coyhaique,-45.5752,-72.0662,40.95,100,90,2.3,CL,1630313661
50,Walvis Bay,-22.9575,14.5053,59.95,36,0,1.14,NA,1630313662
51,Hilo,19.7297,-155.09,73.13,86,40,3.44,US,1630313388
52,Kaniama,-7.5667,24.1833,93.09,31,30,0.36,CD,1630313663
53,Mataura,-46.1927,168.8643,38.48,94,0,3.2,NZ,1630313663
54,Basco,20.4487,121.9702,81.59,78,100,10.29,PH,1630313664
55,Vilhena,-12.7406,-60.1458,69.03,60,5,3.89,BR,1630313664
56,Atar,20.5169,-13.0499,92.66,19,4,15.14,MR,1630313665
57,Launceston,-41.45,147.1667,53.24,80,90,3,AU,1630313403
58,Longyearbyen,78.2186,15.6401,46.24,76,75,10.36,SJ,1630313666
59,Arrondissement de Lannion,48.75,-3.4167,62.83,82,75,11.5,FR,1630313667
60,Itapetinga,-15.2489,-40.2478,62.76,96,66,0.58,BR,1630313668
61,Kapaa,22.0752,-159.319,79.12,76,90,8.05,US,1630313376
62,Mahébourg,-20.4081,57.7,77.29,65,40,14.97,MU,1630313668
63,Saskylakh,71.9167,114.0833,40.62,78,100,5.19,RU,1630313669
64,Jamestown,42.097,-79.2353,69.12,98,90,1.01,US,1630313556
65,Nishihara,26.1842,127.7558,87.08,68,40,9.22,JP,1630313669
66,Yellowknife,62.456,-114.3525,55.92,100,40,2.3,CA,1630313526
67,Saint-Philippe,-21.3585,55.7679,78.39,83,55,14.34,RE,1630313670
68,San Fernando del Valle de Catamarca,-28.4696,-65.7852,67.77,58,3,1.99,AR,1630313671
69,Alofi,-19.0595,-169.9187,71.49,88,40,8.05,NU,1630313671
70,Zheleznodorozhnyy,55.7503,38.0042,71.82,82,100,4.25,RU,1630313672
71,Nanortalik,60.1432,-45.2371,42.98,80,100,6.8,GL,1630313672
72,Nurota,40.5614,65.6886,93.29,13,2,13.49,UZ,1630313673
73,Khatanga,71.9667,102.5,43.11,60,100,10.85,RU,1630313673
74,Tessalit,20.1986,1.0114,94.93,27,30,5.97,ML,1630313674
75,Huarmey,-10.0681,-78.1522,62.35,86,97,7.67,PE,1630313674
76,São Filipe,14.8961,-24.4956,78.91,76,45,4.14,CV,1630313675
77,Tual,-5.6667,132.75,81.21,83,58,15.46,ID,1630313676
78,Avarua,-21.2078,-159.775,73.45,73,75,9.22,CK,1630313676
79,Pasni,25.2631,63.471,79.47,79,17,15.01,PK,1630313677
80,Petropavlovsk-Kamchatskiy,53.0452,158.6483,59.59,77,75,6.71,RU,1630313677
81,Pokhara,28.2333,83.9833,73.04,90,99,3.76,NP,1630313678
82,Bhūm,18.4667,75.6667,83.12,60,100,15.01,IN,1630313678
83,Plaster Rock,46.9065,-67.39,57.72,96,100,4.7,CA,1630313679
84,Nikolskoye,59.7035,30.7861,62.49,57,22,7.54,RU,1630313679
85,Khedbrahma,24.0333,73.05,91.2,51,100,5.23,IN,1630313680
86,Revelstoke,50.9832,-118.2023,51.82,87,1,0,CA,1630313591
87,Port Alfred,-33.5906,26.891,73.62,26,0,18.72,ZA,1630313651
88,Ugoofaaru,5.6667,73,82.98,73,99,17.36,MV,1630313681
89,Naze,28.3667,129.4833,81.52,67,16,5.79,JP,1630313681
90,Coquimbo,-29.9533,-71.3436,55.13,82,90,6.91,CL,1630313600
91,Provideniya,64.3833,-173.3,48.13,99,100,4.9,RU,1630313682
92,Samarai,-10.6167,150.6667,80.49,85,68,14.67,PG,1630313683
93,Cape Town,-33.9258,18.4232,58.1,82,75,8.99,ZA,1630313683
94,Cidreira,-30.1811,-50.2056,59.92,85,0,17.07,BR,1630313684
95,Hambantota,6.1241,81.1185,91.74,62,40,12.66,LK,1630313684
96,Beauceville,46.2179,-70.7787,65.79,100,100,4.61,CA,1630313685
97,Kruisfontein,-34.0033,24.7314,67.05,23,0,8.68,ZA,1630313685
98,Bethel,41.3712,-73.414,72.32,94,92,3.74,US,1630313424
99,Iqaluit,63.7506,-68.5145,38.93,93,75,0,CA,1630313686
100,Ouallam,14.3188,2.0866,86.2,50,75,9.01,NE,1630313687
101,Hithadhoo,-0.6,73.0833,82.26,71,67,3.76,MV,1630313687
102,Pevek,69.7008,170.3133,39.74,67,99,5.08,RU,1630313688
103,Port Elizabeth,-33.918,25.5701,70.09,18,0,11.5,ZA,1630313688
104,Yen Bai,21.7,104.8667,89.06,60,45,4.16,VN,1630313689
105,Hohhot,40.8106,111.6522,73.69,49,40,4.47,CN,1630313690
106,Hong Kong,22.2855,114.1577,88.97,69,12,1.01,HK,1630313554
107,Diplo,24.4667,69.584,95.59,36,97,13.29,PK,1630313690
108,Weymouth,42.2209,-70.9398,71.22,94,20,4,US,1630313691
109,Jiuquan,39.7432,98.5174,72.27,35,97,22.01,CN,1630313691
110,Tsabong,-26.0217,22.401,67.68,18,0,12.97,BW,1630313692
111,Kununurra,-15.7667,128.7333,94.98,13,81,3.44,AU,1630313692
112,Pitimbu,-7.4706,-34.8086,72.19,83,12,10.74,BR,1630313693
113,Alcañiz,41.05,-0.1333,74.43,43,95,3.98,ES,1630313693
114,Kawalu,-7.3817,108.2082,79.99,72,78,7.02,ID,1630313694
115,Bathsheba,13.2167,-59.5167,77.61,88,20,5.75,BB,1630313694
116,Altay,47.8667,88.1167,78.1,29,47,5.86,CN,1630313695
117,Flin Flon,54.7682,-101.865,57.78,65,92,3.02,CA,1630313696
118,Airai,-8.9266,125.4092,68.63,51,81,2.62,TL,1630313696
119,Dingle,10.9995,122.6711,82.96,82,45,4.03,PH,1630313696
120,Hofn,64.2539,-15.2082,53.62,87,75,10.36,IS,1630313697
121,Shingū,33.7333,135.9833,86.99,81,0,0.83,JP,1630313597
122,São Geraldo do Araguaia,-6.4006,-48.555,80.42,49,65,4.56,BR,1630313698
123,Tiarei,-17.5333,-149.3333,77.02,80,9,20.31,PF,1630313699
124,Port Lincoln,-34.7333,135.8667,60.03,56,28,16.51,AU,1630313699
125,Vaini,-21.2,-175.2,68.16,94,20,4.61,TO,1630313700
126,Mahon,39.8885,4.2658,77.56,57,20,2.3,ES,1630313701
127,Ostrovnoy,68.0531,39.5131,52.83,63,22,6.96,RU,1630313702
128,Ifakara,-8.1333,36.6833,91.17,25,9,5.93,TZ,1630313702
129,Puerto Ayora,-0.7393,-90.3518,66.54,95,14,1.99,EC,1630313704
130,Thinadhoo,0.5333,72.9333,82.31,72,63,4.18,MV,1630313704
131,Solnechnyy,50.7214,136.6319,53.02,88,100,3.38,RU,1630313705
132,Bubaque,11.2833,-15.8333,78.55,85,100,14.14,GW,1630313706
133,Grand Gaube,-20.0064,57.6608,77.4,68,35,13,MU,1630313706
134,Gorgan,36.8387,54.4348,94.96,46,20,4.61,IR,1630313707
135,San Quintín,30.4833,-115.95,69.35,89,35,9.13,MX,1630313707
136,Muscat,23.6139,58.5922,88.12,61,55,8.37,OM,1630313708
137,Tupik,54.4253,119.9327,71.4,65,0,0.2,RU,1630313708
138,San Rafael,-34.6177,-68.3301,56.1,39,0,3.51,AR,1630313709
139,Lompoc,34.6391,-120.4579,59.63,96,90,4.61,US,1630313709
140,Buin,-33.7333,-70.75,48.24,88,10,1.05,CL,1630313710
141,Kuala Kangsar,4.7667,100.9333,85.59,65,85,1.03,MY,1630313710
142,Ponta do Sol,32.6667,-17.1,77.72,69,21,3.85,PT,1630313711
143,Tiksi,71.6872,128.8694,38.08,81,100,5.91,RU,1630313712
144,Chui,-33.6971,-53.4616,53.65,97,2,6.58,UY,1630313469
145,Puerto Carreño,6.189,-67.4859,74.03,96,100,7.25,CO,1630313712
146,Port Blair,11.6667,92.75,83.57,73,96,13.47,IN,1630313713
147,Beringovskiy,63.05,179.3167,51.15,89,100,4.29,RU,1630313713
148,Tilichiki,60.4667,166.1,51.01,97,100,2.71,RU,1630313714
149,Ossora,59.2353,163.0719,51.73,91,34,5.44,RU,1630313715
150,Yerofey Pavlovich,53.9667,121.9667,69.17,62,0,3.91,RU,1630313715
151,Rio Grande,-32.035,-52.0986,57.52,93,0,10.89,BR,1630313716
152,Hirara,24.8,125.2833,82.67,94,40,8.05,JP,1630313716
153,Geraldton,-28.7667,114.6,64.81,72,90,13.8,AU,1630313717
154,Srednekolymsk,67.45,153.6833,50.41,82,95,4.83,RU,1630313717
155,Lucea,18.451,-78.1736,78.66,85,74,8.39,JM,1630313718
156,Barrow,71.2906,-156.7887,30.63,84,68,4.25,US,1630313718
157,Manado,1.487,124.8455,79.57,83,75,2.3,ID,1630313719
158,Scarborough,54.2797,-0.4044,59.54,81,69,3,GB,1630313720
159,Lerwick,60.1545,-1.1494,53.6,75,100,12.5,GB,1630313720
160,Inhambane,-23.865,35.3833,71.58,60,40,4.61,MZ,1630313721
161,Arraial do Cabo,-22.9661,-42.0278,69.76,83,75,5.75,BR,1630313721
162,Salalah,17.0151,54.0924,79.2,82,97,11.95,OM,1630313722
163,Jõgeva,58.7467,26.3939,62.64,60,1,8.57,EE,1630313723
164,Sabzawār,36.2126,57.6819,88.88,15,0,0,IR,1630313723
165,Tuktoyaktuk,69.4541,-133.0374,41.22,88,34,7.09,CA,1630313724
166,Abu Dhabi,24.4667,54.3667,105.91,22,0,5.75,AE,1630313724
167,Broken Hill,-31.95,141.4333,65.91,26,1,6.91,AU,1630313725
168,Krasnoarmeyskiy,47.0114,42.2072,86.86,30,0,18.05,RU,1630313725
169,Tibati,6.4667,12.6333,75.74,77,100,3.4,CM,1630313726
170,Fortuna,40.5982,-124.1573,55.36,75,90,4.61,US,1630313726
171,Faanui,-16.4833,-151.75,78.58,78,7,18.1,PF,1630313727
172,Acapulco de Juárez,16.8634,-99.8901,78.06,90,100,4.32,MX,1630313727
173,Nanton,50.3501,-113.7687,58.51,46,21,5.66,CA,1630313728
174,Sisimiut,66.9395,-53.6735,37.69,89,100,5.35,GL,1630313729
175,Bambous Virieux,-20.3428,57.7575,77.25,65,40,14.97,MU,1630313708
176,Carnarvon,-24.8667,113.6333,69.87,64,25,19.57,AU,1630313729
177,Ilulissat,69.2167,-51.1,34.59,90,100,0.6,GL,1630313730
178,Hūn,29.1268,15.9477,100.74,12,5,7.65,LY,1630313730
179,Lata,40.1629,-8.3327,67.93,57,1,2.39,PT,1630313731
180,San Patricio,28.017,-97.5169,84.07,83,42,5.64,US,1630313732
181,Talaya,61.3833,152.75,55.49,53,11,4.45,RU,1630313732
182,New Norfolk,-42.7826,147.0587,55.71,73,100,1.99,AU,1630313733
183,Adrar,20.5022,-10.0711,92.84,14,93,9.01,MR,1630313733
184,Laguna,38.421,-121.4238,82.9,55,1,1.01,US,1630313734
185,Hinton,53.4001,-117.5857,47.1,97,54,0.69,CA,1630313735
186,Kirtipur,27.6667,85.2833,73.33,94,75,3.44,NP,1630313735
187,Mossamedes,-15.1961,12.1522,63.23,94,90,0,AO,1630313657
188,High Rock,26.6208,-78.2833,82.29,74,9,11.27,BS,1630313736
189,Seddon,-37.8068,144.8916,59.25,63,0,5.99,AU,1630313737
190,Bulgan,48.8125,103.5347,70.9,48,16,4.59,MN,1630313737
191,Egvekinot,66.3167,-179.1667,39.74,85,100,2.37,RU,1630313738
192,Talnakh,69.4865,88.3972,41.86,93,100,7.92,RU,1630313738
193,Yulara,-25.2406,130.9889,82.24,7,0,8.05,AU,1630313739
194,Lüderitz,-26.6481,15.1594,65.01,36,0,15.26,NA,1630313740
195,Kushmurun,52.4503,64.6311,66.85,29,0,3.58,KZ,1630313740
196,La Macarena,2.1837,-73.7849,69.98,99,100,2.1,CO,1630313740
197,George Town,5.4112,100.3354,89.55,69,20,6.91,MY,1630313462
198,Chillicothe,39.3331,-82.9824,73.33,94,1,0,US,1630313278
199,Berlevåg,70.8578,29.0864,51.75,87,75,9.22,NO,1630313742
200,De-Kastri,51.4667,140.7833,58.75,95,100,4.47,RU,1630313742
201,Opuwo,-18.0607,13.84,81.59,9,0,11.23,NA,1630313743
202,Buta,2.7858,24.73,89.44,43,95,2.86,CD,1630313744
203,Manggar,-2.8833,108.2667,80.69,78,87,9.19,ID,1630313744
204,Rio das Pedras,-22.8433,-47.6061,63.79,73,92,11.43,BR,1630313745
205,Nagar,27.4333,77.1,82.72,76,100,4.9,IN,1630313745
206,Hecun,36.5333,114.1111,67.24,95,100,3.98,CN,1630313746
207,The Hague,52.0767,4.2986,65.17,87,90,4,NL,1630313746
208,The Valley,18.217,-63.0578,82.26,76,13,10.27,AI,1630313747
209,Mehamn,71.0357,27.8492,51.71,84,100,17.47,NO,1630313747
210,Nome,64.5011,-165.4064,48.16,97,100,10.8,US,1630313748
211,Vao,-22.6667,167.4833,68.95,64,17,12.19,NC,1630313748
212,Leningradskiy,69.3833,178.4167,32.56,94,79,6.06,RU,1630313749
213,Arman',59.7,150.1667,52.57,91,29,5.06,RU,1630313750
214,Pachalum,14.9247,-90.6628,66.33,95,93,2.57,GT,1630313750
215,Saint George,37.1041,-113.5841,82.8,24,1,3,US,1630313751
216,Zhangzhou,24.5133,117.6556,87.73,73,86,6.6,CN,1630313751
217,Torbay,47.6666,-52.7314,53.38,92,90,17.27,CA,1630313752
218,Mersing,2.4312,103.8405,87.71,74,40,3.44,MY,1630313752
219,San Luis,-33.295,-66.3356,63.63,35,0,17.58,AR,1630313753
220,Tuatapere,-46.1333,167.6833,38.82,91,0,4.12,NZ,1630313753
221,Codrington,-38.2667,141.9667,55.56,71,100,12.97,AU,1630313754
222,Flinders,-34.5833,150.8552,59.2,71,100,1.01,AU,1630313754
223,Maningrida,-12.0667,134.2667,79.79,74,75,11.63,AU,1630313755
224,Quelimane,-17.8786,36.8883,71.55,94,75,10.36,MZ,1630313755
225,Easley,34.8298,-82.6015,71.04,93,1,0,US,1630313756
226,Locri,38.2414,16.2623,85.55,55,0,7.63,IT,1630313756
227,Aranos,-24.1333,19.1167,72.18,5,0,10.18,NA,1630313757
228,Thompson,55.7435,-97.8558,44.76,87,20,0,CA,1630313757
229,Andenes,69.3143,16.1194,51.78,82,75,19.57,NO,1630313757
230,Dargaville,-35.9333,173.8833,55.06,95,67,6.55,NZ,1630313758
231,Lashio,22.9333,97.75,83.1,64,14,2.15,MM,1630313759
232,Murgab,37.4966,61.9714,96.67,23,0,11.5,TM,1630313759
233,Touros,-5.1989,-35.4608,72.5,83,39,13.35,BR,1630313759
234,Nova Olímpia,-14.7972,-57.2881,70.12,70,7,0.87,BR,1630313760
235,Bilibino,68.0546,166.4372,48.54,69,100,6.51,RU,1630313760
236,Nabire,-3.3667,135.4833,79.92,82,100,1.95,ID,1630313761
237,Zhangjiakou Shi Xuanhua Qu,40.6103,115.0447,75.47,63,100,8.21,CN,1630313761
238,Mackenzie,55.2999,-123.1698,37.62,100,1,0,CA,1630313762
239,Sinop Province,41.7711,34.8709,84,43,0,8.46,TR,1630313762
240,Lejanías,3.5251,-74.0216,67.78,92,98,4.05,CO,1630313763
241,Aksarka,66.5606,67.7975,49.48,71,98,9.91,RU,1630313764
242,Vila Velha,-20.3297,-40.2925,69.75,73,75,10.36,BR,1630313765
243,Bétaré Oya,5.6,14.0833,75.99,81,100,3.53,CM,1630313765
244,Ţahţā,26.7693,31.5021,95.32,17,0,18.99,EG,1630313766
245,Channel-Port aux Basques,47.5702,-59.1367,58.41,66,91,3.09,CA,1630313766
246,Shirgaon,19.7,72.7,84.22,72,100,9.33,IN,1630313767
247,Zaysan,47.4667,84.8667,80.87,27,98,2.28,KZ,1630313767
248,Yatou,37.15,122.3833,72.97,82,100,5.66,CN,1630313768
249,Coahuayana Viejo,18.7333,-103.6833,75.04,93,100,2.75,MX,1630313768
250,Bengkulu,-3.8004,102.2655,84.27,70,72,4.07,ID,1630313769
251,Shenkursk,62.1091,42.896,55.72,49,34,5.1,RU,1630313770
252,Waingapu,-9.6567,120.2641,84.11,48,45,13.13,ID,1630313770
253,Ukiah,39.1502,-123.2078,73.65,48,1,0,US,1630313664
254,Gjøvik,60.7947,10.6929,64.72,43,13,1.45,NO,1630313772
255,Panjāb,34.388,67.0233,73.17,13,35,10.02,AF,1630313773
256,Silver City,32.7701,-108.2803,67.62,70,90,6.91,US,1630313774
257,Cap Malheureux,-19.9842,57.6142,77.49,68,29,13,MU,1630313774
258,Alice Springs,-23.7,133.8833,76.55,9,0,8.05,AU,1630313775
259,Arrondissement de Mende,44.6667,3.5,54.01,64,64,7.36,FR,1630313775
260,Cayenne,4.9333,-52.3333,73.09,91,0,0,GF,1630313776
261,Ol'ga,43.7444,135.2892,68.95,62,42,11.52,RU,1630313776
262,Aksu,41.1231,80.2644,84.92,20,0,3.02,CN,1630313777
263,Jieshi,22.8134,115.8257,84.63,74,97,13.91,CN,1630313777
264,Carauari,-4.8828,-66.8958,71.98,94,100,1.41,BR,1630313778
265,Morehead,37.2711,-87.1764,72.84,99,1,0,US,1630313778
266,Gubkinskiy,64.434,76.5026,49.82,67,100,12.08,RU,1630313779
267,Gisborne,-38.6533,178.0042,50.95,81,100,13.15,NZ,1630313779
268,Whitehorse,60.7161,-135.0538,48.97,76,90,6.91,CA,1630313780
269,Santa Rosa,14.3122,121.1114,82.38,88,100,3.89,PH,1630313588
270,Kyabé,9.4515,18.9449,80.22,70,89,5.57,TD,1630313780
271,Innisfail,-17.5333,146.0333,72.54,94,58,3.42,AU,1630313781
272,Vila,42.0304,-8.1588,56.28,62,54,1.92,PT,1630313781
273,Clyde River,70.4692,-68.5914,35.11,83,79,0.74,CA,1630313782
274,Baruun-Urt,46.6806,113.2792,71.82,39,8,5.41,MN,1630313782
275,Kavieng,-2.5744,150.7967,82.4,76,99,11.95,PG,1630313783
276,Mar del Plata,-38.0023,-57.5575,44.62,100,10,3.44,AR,1630313712
277,Bandarbeyla,9.4942,50.8122,87.73,50,47,28.48,SO,1630313785
278,Hamilton,39.1834,-84.5333,75.04,91,90,10.36,US,1630313653
279,Coffs Harbour,-30.3,153.1333,62.87,82,100,4.61,AU,1630313785
280,Nerchinskiy Zavod,51.3088,119.61,67.75,71,0,5.26,RU,1630313786
281,Riyadh,24.6877,46.7219,105.94,11,0,6.91,SA,1630313595
282,Ust'-Omchug,61.15,149.6333,56.46,57,7,7.23,RU,1630313787
283,Yurga,55.7231,84.8861,65.12,72,100,11.32,RU,1630313788
284,Fairbanks,64.8378,-147.7164,50.09,85,90,3.44,US,1630313673
285,Saldanha,-33.0117,17.9442,51.85,75,81,16.67,ZA,1630313788
286,Ubari,26.5921,12.7805,99.95,9,3,9.06,LY,1630313789
287,Sauda,59.6506,6.3542,59.68,55,60,4,NO,1630313789
288,Sola,-13.8833,167.55,78.87,73,100,26.31,VU,1630313790
289,Uglegorsk,49.0833,142.0333,61.47,97,100,1.25,RU,1630313791
290,Henties Bay,-22.116,14.2845,57.85,60,0,10.25,NA,1630313792
291,Saint-Pierre,-21.3393,55.4781,78.48,73,20,8.05,RE,1630313792
292,São João da Barra,-21.6403,-41.0511,66.63,92,17,10.74,BR,1630313793
293,Karratha,-20.7377,116.8463,78.67,36,72,10.65,AU,1630313793
294,Kushima,31.4583,131.2333,89.11,80,25,3.87,JP,1630313794
295,Zangakatun,39.8212,45.0406,81.79,14,0,9.75,AM,1630313795
296,Port Macquarie,-31.4333,152.9167,58.96,59,100,1.48,AU,1630313795
297,Narsaq,60.9167,-46.05,45.79,57,29,4.63,GL,1630313796
298,Remanso,-9.6179,-42.0831,71.13,71,70,8.77,BR,1630313797
299,Chokurdakh,70.6333,147.9167,43.43,85,100,9.62,RU,1630313797
300,Pasłęk,54.0616,19.6593,61.56,86,95,8.66,PL,1630313797
301,Mabama,-5.1333,32.5333,81.09,22,79,7.76,TZ,1630313798
302,Marrakesh,31.6315,-8.0083,71.67,60,0,4.61,MA,1630313798
303,Kiama,-34.6833,150.8667,57.99,71,100,5.57,AU,1630313799
304,Trairi,-3.2778,-39.2689,74.95,88,15,8.81,BR,1630313660
305,Medicine Hat,50.0501,-110.6683,62.22,56,1,1.01,CA,1630313800
306,Palembang,-2.9167,104.7458,86.09,66,40,9.22,ID,1630313800
307,Praia da Vitória,38.7333,-27.0667,71.76,83,40,1.3,PT,1630313801
308,Khor,47.8861,134.9464,56.64,93,100,8.66,RU,1630313802
309,Eastbourne,50.7687,0.2845,62.55,89,100,3,GB,1630313802
310,Ucluelet,48.9329,-125.5528,58.08,91,89,5.91,CA,1630313560
311,Ishigaki,24.3448,124.1572,80.73,89,75,6.91,JP,1630313803
312,Puerto Madero,14.7208,-92.4215,78.17,79,100,4.9,MX,1630313804
313,Rock Springs,41.5875,-109.2029,63.52,28,0,3.87,US,1630313804
314,Birao,10.2849,22.7882,82.85,62,99,0.98,CF,1630313805
315,Tomatlán,19.9333,-105.25,72.18,95,87,3.74,MX,1630313805
316,Eureka,40.8021,-124.1637,55.63,79,92,1.01,US,1630313806
317,Teknāf,20.8624,92.3058,84.88,76,95,10.4,BD,1630313807
318,Kanhangad,12.3081,75.1063,77.31,87,100,5.53,IN,1630313807
319,Kitgum,3.2783,32.8867,85.26,43,16,5.77,UG,1630313807
320,Sinegor'ye,62.0788,150.477,55.83,54,2,1.86,RU,1630313808
321,Martapura,-3.4167,114.85,82.49,74,40,6.91,ID,1630313809
322,Arkhara,49.4212,130.0842,62.29,72,41,10.07,RU,1630313810
323,Sitka,57.0531,-135.33,52.41,83,94,1.99,US,1630313810
324,Praia,14.9215,-23.5087,77.54,83,75,5.75,CV,1630313811
325,Forestville,38.8451,-76.875,74.26,95,1,0,US,1630313527
326,Chenzhou,25.8,113.0333,94.1,47,62,3.38,CN,1630313811
327,Lebu,-37.6167,-73.65,52.14,85,99,7,CL,1630313812
328,Lagoa,39.05,-27.9833,71.46,82,2,3.22,PT,1630313812
329,Tecpan,14.7623,-90.9947,53.74,92,96,2.82,GT,1630313813
330,Anito,12.4497,125.2886,83.66,76,80,7.29,PH,1630313813
331,Saint-Ambroise,48.5501,-71.3324,68.49,82,100,8.05,CA,1630313814
332,Russell,32.3502,-85.1999,73.99,90,75,0,US,1630313815
333,Fairview,40.8126,-73.999,73.36,91,90,0,US,1630313815
334,Sioux Lookout,50.1001,-91.917,59.38,94,75,4.61,CA,1630313816
335,Sukhoy Log,56.9094,62.0296,61.38,42,65,9.42,RU,1630313816
336,Mbaïki,3.8678,17.9892,76.77,92,100,3.69,CF,1630313817
337,Vardø,70.3705,31.1107,53.58,76,75,6.91,NO,1630313817
338,San Juan,-31.5375,-68.5364,59.86,42,0,4.85,AR,1630313818
339,Terrace Bay,48.7834,-87.1,62.22,81,55,12.19,CA,1630313819
340,Vangaindrano,-23.35,47.6,75.7,77,42,4.85,MG,1630313819
341,Petropavl,54.8753,69.1628,64.38,45,0,8.95,KZ,1630313820
342,Dolinsk,47.35,142.8,67.86,98,79,4.21,RU,1630313820
343,Saint Paul Harbor,57.79,-152.4072,52.21,81,2,4.25,US,1630313821
344,Dunedin,-45.8742,170.5036,43.81,68,23,12.44,NZ,1630313822
345,Pisco,-13.7,-76.2167,57.02,93,43,1.39,PE,1630313822
346,Petrov Val,50.1434,45.2096,78.96,15,0,11.41,RU,1630313823
347,Omboué,-1.5746,9.2618,81.12,67,50,4.63,GA,1630313824
348,Kenai,60.5544,-151.2583,44.02,64,13,4.07,US,1630313824
349,Horadiz,39.4488,47.3353,86.77,40,12,7.49,AZ,1630313825
350,Kahului,20.8947,-156.47,72.97,82,31,7.61,US,1630313825
351,Yabrūd,33.9674,36.6574,80.26,14,0,8.34,SY,1630313826
352,Benghazi,32.1167,20.0667,86.4,51,23,9.33,LY,1630313827
353,Balkanabat,39.5108,54.3671,99.32,17,0,4.32,TM,1630313827
354,Half Moon Bay,37.4636,-122.4286,66.6,90,1,0,US,1630313828
355,Lakes Entrance,-37.8811,147.981,52.57,74,46,8.03,AU,1630313828
356,Vaxjo,56.8777,14.8091,60.85,82,40,11.5,SE,1630313829
357,Segezha,63.7415,34.3222,52.77,57,18,4.85,RU,1630313830
358,Broome,42.2506,-75.833,72.7,94,77,1.01,US,1630313830
359,Serro,-18.6047,-43.3794,53.28,96,5,0.67,BR,1630313830
360,Benemérito de las Américas,16.5167,-90.6439,71.98,100,81,0.87,MX,1630313831
361,Guangyuan,32.442,105.823,76.05,80,99,2.91,CN,1630313832
362,Guaratinga,-16.5667,-39.5667,66.87,87,97,4.41,BR,1630313832
363,Murmashi,68.8154,32.8115,48.61,87,0,0,RU,1630313833
364,Goiás,-15.5807,-49.6362,70.29,55,9,5.57,BR,1630313833
365,Mtama,-10.3,39.3667,91.33,28,8,9.17,TZ,1630313834
366,Safita,34.8205,36.1153,85.51,46,0,14.27,SY,1630313835
367,Sikeston,36.8767,-89.5879,75.9,100,1,0,US,1630313835
368,Janakpur Dham,26.7183,85.9065,90,61,95,11.12,NP,1630313836
369,Gbadolite,4.2833,21.0167,84.04,63,56,3.85,CD,1630313836
370,Nemuro,43.3236,145.575,68.43,92,9,12.26,JP,1630313837
371,Auki,-8.7676,160.7034,77.83,87,83,6.46,SB,1630313837
372,Mil'kovo,54.7167,158.6167,54.21,94,100,3.85,RU,1630313838
373,Tondano,1.3038,124.9112,71.69,77,26,2.37,ID,1630313838
374,Taos,36.4072,-105.5731,58.73,71,91,5.99,US,1630313839
375,Pacific Grove,36.6177,-121.9166,62.46,95,37,1.01,US,1630313840
376,Lorengau,-2.0226,147.2712,82.99,74,18,7.27,PG,1630313840
377,Ichhāwar,23.0167,77.0167,82.49,75,97,8.66,IN,1630313841
378,Kilembe,0.2,30,75.78,53,100,4.34,UG,1630313841
379,Buenos Aires,-34.6132,-58.3772,57.96,93,0,1.14,AR,1630313842
380,San Isidro,-12.1167,-77.05,58.59,94,90,1.01,PE,1630313842
381,Hīt,33.6416,42.8251,109.76,11,0,16.49,IQ,1630313843
382,Itarema,-2.9248,-39.9167,76.14,86,21,11.95,BR,1630313843
383,Bereda,43.2686,-7.5406,64.15,61,92,3.42,ES,1630313844
384,Souillac,-20.5167,57.5167,77.38,65,40,14.97,MU,1630313844
385,Bukachacha,52.9833,116.9167,73.02,53,6,5.61,RU,1630313845
386,Yurkivka,49.0126,31.1013,83.5,45,90,10.54,UA,1630313845
387,Mount Gambier,-37.8333,140.7667,57.11,67,100,10.36,AU,1630313846
388,Vestmannaeyjar,63.4427,-20.2734,54.68,95,98,12.48,IS,1630313847
389,Marabu,4.4148,114.0089,84.34,74,40,9.22,MY,1630313848
390,Khandyga,62.6667,135.6,55.96,70,33,5.01,RU,1630313848
391,Tigil',57.8,158.6667,57.15,82,79,2.19,RU,1630313849
392,Sambava,-14.2667,50.1667,76.35,83,74,4.63,MG,1630313658
393,Kapoeta,4.7717,33.5903,84.47,50,64,7.61,SS,1630313849
394,Killybegs,54.6333,-8.45,59.45,75,52,7.18,IE,1630313850
395,Puerto Quijarro,-17.7833,-57.7667,67.33,85,0,2.37,BO,1630313850
396,Klaksvík,62.2266,-6.589,54.52,86,100,7.52,FO,1630313851
397,Itaituba,-4.2761,-55.9836,71.31,97,75,0.98,BR,1630313851
398,Vila Franca do Campo,37.7167,-25.4333,70.21,88,49,5.99,PT,1630313852
399,Arlit,18.7369,7.3853,96.87,27,66,9.42,NE,1630313853
400,Maiduguri,11.8464,13.1603,85.23,63,86,9.71,NG,1630313853
401,Usagara,-2.6833,33,70.02,32,94,6.44,TZ,1630313854
402,Kysyl-Syr,63.8986,122.7617,51.87,69,95,6.35,RU,1630313855
403,Togur,58.3631,82.8265,45.84,97,100,10,RU,1630313855
404,Carballo,43.213,-8.691,72.91,73,63,1.54,ES,1630313856
405,Beloit,42.5084,-89.0318,65.32,93,90,0,US,1630313856
406,Halifax,44.6453,-63.5724,62.65,86,94,2.3,CA,1630313587
407,Torrington,41.8007,-73.1212,71.73,97,95,6.08,US,1630313858
408,Verkhoyansk,67.5447,133.385,52.81,64,99,12.03,RU,1630313858
409,Jumla,29.2747,82.1838,68.59,77,99,4.43,NP,1630313859
410,Fréjus,43.4329,6.7352,78.13,54,0,7.81,FR,1630313859
411,Cherskiy,68.75,161.3,46.96,89,100,5.88,RU,1630313860
412,Caucayá,-0.1934,-74.7819,70.14,99,100,1.74,CO,1630313860
413,Raduzhny,62.0961,77.475,52.16,76,100,6.73,RU,1630313860
414,Altamira,-3.2033,-52.2064,70.14,97,34,3.11,BR,1630313861
415,Galanta,48.19,17.7275,68.99,50,93,9.01,SK,1630313862
416,Zyryanka,65.75,150.85,58.62,57,100,8.84,RU,1630313862
417,San Cristobal,7.7669,-72.225,65.64,98,99,3.27,VE,1630313710
418,Zunheboto,25.9667,94.5167,69.49,97,100,1.19,IN,1630313863
419,Westport,41.1415,-73.3579,73.74,94,90,3,US,1630313863
420,Ostër,50.9506,30.8823,77.11,51,93,9.82,UA,1630313864
421,Araouane,18.9048,-3.5265,93.51,31,55,5.79,ML,1630313865
422,Asău,46.4333,26.4,73.96,47,37,8.08,RO,1630313865
423,Mujiayingzi,42.1167,118.7833,72.75,60,100,7.23,CN,1630313866
424,Urgut,39.4022,67.2431,87.42,12,0,8.9,UZ,1630313866
425,Santa Maria,-29.6842,-53.8069,56.88,90,0,4.7,BR,1630313867
426,Buala,-8.145,159.5921,79.45,85,99,12.08,SB,1630313868
427,Ortigueira,-24.2083,-50.9494,52.07,94,40,4.41,BR,1630313868
428,Saryg-Sep,51.5,95.6,78.26,26,0,3.47,RU,1630313869
429,Kupang,-10.1667,123.5833,86.58,58,20,6.91,ID,1630313870
430,Pimentel,-6.8367,-79.9342,62.44,87,100,7.65,PE,1630313870
431,Prescott,34.54,-112.4685,71.94,56,22,1.01,US,1630313871
432,Kjøllefjord,70.9457,27.3465,51.58,84,100,12.75,NO,1630313871
433,Baracoa,20.3467,-74.4958,78.91,85,99,5.46,CU,1630313872
434,Neiafu,-18.65,-173.9833,76.26,74,99,14.83,TO,1630313872
435,Jacareacanga,-6.2222,-57.7528,70.97,98,93,0.65,BR,1630313873
436,Avera,33.194,-82.5271,75.74,84,100,2.1,US,1630313874
437,São Miguel do Iguaçu,-25.3481,-54.2378,63.48,85,0,4,BR,1630313874
438,Vaitape,-16.5167,-151.75,78.58,78,7,18.07,PF,1630313752
439,Kaitangata,-46.2817,169.8464,39.54,82,3,8.72,NZ,1630313875
440,Manbij,36.5281,37.9549,90.37,24,0,16.17,SY,1630313876
441,Nevşehir,38.9167,34.6667,87.01,23,0,4.61,TR,1630313876
442,Khandagayty,50.7333,92.05,70.72,41,6,6.04,RU,1630313877
443,Cockburn Town,21.4612,-71.1419,80.94,77,89,6.13,TC,1630313877
444,Tres Arroyos,-38.3739,-60.2798,51.82,57,19,13.85,AR,1630313878
445,Sumoto,34.35,134.9,91.45,67,0,3.56,JP,1630313878
446,Caucaia,-3.7361,-38.6531,78.75,74,75,9.22,BR,1630313879
447,Pontes e Lacerda,-15.2261,-59.3353,72.19,67,9,3.94,BR,1630313880
448,Yel'nya,54.5786,33.1837,64.83,86,96,4.56,RU,1630313880
449,Yenagoa,4.9247,6.2642,78.13,86,93,3.78,NG,1630313881
450,Funtua,11.5233,7.3081,77.49,74,99,5.91,NG,1630313881
451,Kanigoro,-8.13,112.219,80.33,71,100,11.88,ID,1630313882
452,Manuk Mangkaw,4.8,119.85,83.48,70,99,5.41,PH,1630313883
453,Kuala Lipis,4.1842,102.0468,88.93,55,86,2.13,MY,1630313883
454,Kayes,14,-11,76.64,81,97,3.27,ML,1630313884
455,Bundaberg,-24.85,152.35,73.22,91,90,1.99,AU,1630313885
456,Vanimo,-2.6741,141.3028,80.96,85,17,8.01,PG,1630313885
457,Marabá,-5.3686,-49.1178,78.98,83,0,3.44,BR,1630313886
458,Ginda,30.6945,78.4932,78.46,53,32,6.31,IN,1630313887
459,Celestún,20.8667,-90.4,76.42,90,100,9.17,MX,1630313887
460,Rome,43.2128,-75.4557,74.41,90,92,3.33,US,1630313674
461,Mount Isa,-20.7333,139.5,83.97,9,1,2.3,AU,1630313888
462,Ondjiva,-17.0667,15.7333,69.84,13,0,6.91,AO,1630313889
463,Honningsvåg,70.9821,25.9704,50.13,80,100,13.27,NO,1630313889
464,Wajid,3.8093,43.2471,90.28,27,53,24.36,SO,1630313890
465,Esperance,-33.8667,121.9,66.04,72,100,17.56,AU,1630313890
466,Puerto Escondido,15.85,-97.0667,77.59,84,96,4.61,MX,1630313891
467,Severnyy-Kospashskiy,59.0925,57.8008,52.61,50,100,10.07,RU,1630313891
468,Znamenskoye,57.1281,73.8282,60.48,47,73,8.34,RU,1630313892
469,Saint Anthony,45.0205,-93.218,64,86,0,5.32,US,1630313793
470,Qaqortoq,60.7167,-46.0333,46.47,62,44,3,GL,1630313893
471,Mormugao,15.4,73.8,76.26,88,90,11.5,IN,1630313893
472,Namatanai,-3.6667,152.4333,79.92,81,100,11.92,PG,1630313894
473,Trabzon Province,40.9167,39.8333,77.09,78,75,8.05,TR,1630313707
474,Yazman,29.1212,71.7446,106.77,21,2,2.71,PK,1630313895
475,Isangel,-19.55,169.2667,72.12,74,100,11.41,VU,1630313896
476,Kermanshah,34.3142,47.065,97.7,6,0,9.22,IR,1630313896
477,Nantucket,41.2835,-70.0995,72.01,88,26,12.33,US,1630313869
478,Kupino,54.3663,77.2981,61.68,47,46,12.93,RU,1630313897
479,Daitari,21.1,85.75,82.49,73,100,8.16,IN,1630313898
480,Sopela,43.3789,-2.9831,69.69,71,40,1.01,ES,1630313898
481,Māngrol,21.1167,70.1167,85.08,64,100,11.25,IN,1630313899
482,Falun,60.6036,15.626,64.94,75,34,3.98,SE,1630313899
483,Neman,55.0311,22.0264,59.61,90,100,7.49,RU,1630313900
484,Agüimes,27.9054,-15.4461,72.23,75,20,14.97,ES,1630313900
485,Rodolfo Sánchez Taboada,31.7167,-116.5667,67.1,89,15,4,MX,1630313901
486,Pulivendla,14.4167,78.2333,86.05,64,100,11.63,IN,1630313901
487,Santa Helena de Goiás,-17.8136,-50.5969,68.59,61,73,6.46,BR,1630313902
488,Paragominas,-2.9667,-47.4833,71.1,93,93,2.84,BR,1630313903
489,Grindavik,63.8424,-22.4338,53.55,100,90,19.57,IS,1630313903
490,Greenfield,42.9614,-88.0126,66.38,87,1,3.44,US,1630313903
491,Safi,32.2994,-9.2372,72.36,68,0,13.51,MA,1630313904
492,Jalu,29.0331,21.5482,96.22,17,0,8.57,LY,1630313905
493,Sur,22.5667,59.5289,91.6,47,1,6.33,OM,1630313905
494,Novyy Urgal,51.0736,132.5642,57.58,85,79,1.97,RU,1630313906
495,Ponta Delgada,37.7333,-25.6667,70.52,94,75,3.44,PT,1630313907
496,Slave Lake,55.2834,-114.769,53.58,94,90,4.61,CA,1630313907
497,Homer,59.6425,-151.5483,54.03,83,12,8.01,US,1630313908
498,Port Hedland,-20.3167,118.5667,82.45,42,61,12.66,AU,1630313908
499,Oranjemund,-28.55,16.4333,58.96,50,0,9.86,NA,1630313909
500,Morros,-9.4467,-46.3003,73.54,49,98,7.85,BR,1630313910
501,Eyemouth,55.8713,-2.0901,57.81,92,100,7,GB,1630313910
502,Shorewood,41.52,-88.2017,71.73,92,90,0,US,1630313911
503,Mana,5.6592,-53.7767,77.27,90,100,7.96,GF,1630313912
504,Boguchany,58.3814,97.4531,76.53,45,54,3.78,RU,1630313912
505,Mahon,39.8885,4.2658,77.56,57,20,2.3,ES,1630313913
506,Mamlyutka,54.9375,68.5394,64.42,35,97,7.05,KZ,1630313913
507,Pital,2.2665,-75.8044,66.85,93,100,3.6,CO,1630313914
508,Hobyo,5.3505,48.5268,83.32,59,66,26.31,SO,1630313914
509,Saint-Joseph,-21.3667,55.6167,77.38,84,51,10.09,RE,1630313915
510,Tukan,53.8409,57.4552,63.36,36,53,8.75,RU,1630313916
511,Madimba,-10.4,40.3333,83.52,57,40,23.02,TZ,1630313916
512,Chabahar,25.2919,60.643,81.3,71,4,12.21,IR,1630313917
513,Beya,53.0533,90.9139,82.06,32,25,4.43,RU,1630313917
514,La Grande,45.3246,-118.0877,67.21,41,0,2.84,US,1630313918
515,Tanete,-3.9443,119.7848,83.57,70,77,9.98,ID,1630313919
516,Sabha,27.0377,14.4283,100.24,11,4,16.71,LY,1630313919
517,Talcahuano,-36.7167,-73.1167,51.48,100,90,3.44,CL,1630313920
518,Yar-Sale,66.8333,70.8333,45.23,92,99,14.52,RU,1630313920
519,Todos Santos,23.45,-110.2167,83.75,79,100,4.59,MX,1630313921
520,Matamoros,25.5333,-103.25,70.11,77,100,1.41,MX,1630313922
521,Eidfjord,60.4675,7.0719,70.59,54,98,2.59,NO,1630313922
522,Tungor,53.3808,142.9564,56.28,98,100,4.12,RU,1630313923
523,Sinnamary,5.3833,-52.95,77.4,87,95,7.43,GF,1630313924
524,Jiayuguan City,39.8167,98.3,70.97,34,95,22.41,CN,1630313924
525,Goderich,43.7501,-81.7165,73.72,83,60,9.22,CA,1630313924
526,Tirumakūdal Narsipur,12.21,76.9064,81.84,60,93,17.49,IN,1630313926
527,Narrabri,-30.3167,149.7833,57.29,54,100,6.91,AU,1630313926
528,Mamit,23.9333,92.4833,85.03,70,75,6.91,IN,1630313926
529,Fortuna Foothills,32.6578,-114.4119,89.22,57,3,5.03,US,1630313927
530,Hendersonville,36.3048,-86.62,74.48,99,22,2.82,US,1630313818
531,Río Esteban,15.8333,-86.3,82,87,92,4.7,HN,1630313928
532,Saint-Augustin,51.226,-58.6502,51.71,89,51,4.52,CA,1630313929
533,Havre-St-Pierre,50.2334,-63.5986,53.6,93,75,9.22,CA,1630313930
534,Bria,6.5423,21.9863,79.32,70,92,5.08,CF,1630313930
535,Padang,-0.9492,100.3543,82.45,77,100,4.74,ID,1630313931
536,Alugan,12.2188,125.4808,83.82,74,75,7.25,PH,1630313931
537,Aklavik,68.2191,-135.0107,47.23,70,76,2.57,CA,1630313932
538,Mabini,15.6,120.9833,82.69,81,100,3.53,PH,1630313933
539,Srbinovo,41.7058,20.9603,68.27,27,1,1.86,MK,1630313933
540,Presidente Epitácio,-21.7633,-52.1156,62.51,79,0,9.4,BR,1630313934
541,Kampot,10.6167,104.1833,87.85,72,100,3.33,KH,1630313935
542,Sistranda,63.7256,8.834,56.89,85,99,4.94,NO,1630313935
543,Shambu,9.5667,37.1,61.56,75,100,3.78,ET,1630313936
544,Makariv,50.4641,29.8113,76.23,59,91,7.9,UA,1630313936
545,Qasigiannguit,68.8193,-51.1922,33.53,90,100,1.01,GL,1630313937
546,Kapit,2.0167,112.9333,79.27,95,95,2.1,MY,1630313937
547,Rocha,-34.4833,-54.3333,51.15,96,1,6.06,UY,1630313938
548,Tadine,-21.55,167.8833,68.02,63,82,11.1,NC,1630313938
549,Erenhot,43.6475,111.9767,74.79,27,72,4.14,CN,1630313939
550,Houma,29.5958,-90.7195,79,88,100,21.23,US,1630313939
551,Nanchang,28.6833,115.8833,92.52,61,8,3.89,CN,1630313940
552,Los Llanos de Aridane,28.6585,-17.9182,71.35,77,20,8.05,ES,1630313941
553,Macieira de Cambra,40.8594,-8.3734,64.18,55,4,2.3,PT,1630313941
554,Garden City,42.3256,-83.331,73.42,97,90,5.75,US,1630313725
555,Bambanglipuro,-7.95,110.2833,80.17,73,100,13.44,ID,1630313942
556,Dire Dawa,9.5931,41.8661,88.7,34,78,2.06,ET,1630313943
557,Muros,42.7762,-9.0603,73.99,76,6,1.61,ES,1630313943
558,Mangai,-4.05,19.5333,89.2,48,93,4.97,CD,1630313944
